color [98] [57, 73, 171, 255]
color [97] [57, 73, 171, 255]
color [94] [255, 236, 179, 255]
color [93] [31, 41, 131, 255]
color [92] [40, 53, 147, 255]
color [91] [26, 35, 126, 255]
color [89] [57, 73, 171, 255]
color [88] [249, 169, 39, 255]
color [87] [57, 73, 171, 255]
color [83] [28, 37, 127, 255]
color [82] [40, 53, 147, 255]
color [80] [26, 35, 126, 255]
color [78] [57, 73, 171, 255]
color [77] [57, 73, 171, 255]
color [75] [121, 134, 203, 255]
color [73] [255, 236, 179, 255]
color [72] [33, 44, 137, 255]
color [71] [26, 35, 126, 255]
color [68] [57, 73, 171, 255]
color [70] [26, 35, 126, 255]
color [66] [92, 107, 192, 255]
color [64] [57, 73, 171, 255]
color [63] [255, 236, 179, 255]
color [60] [26, 35, 126, 255]
color [25] [33, 33, 33, 255]
color [2] [40, 53, 147, 255]
color [24] [33, 33, 33, 255]
color [23] [33, 33, 33, 255]
color [86] [57, 73, 171, 255]
color [20] [33, 33, 33, 255]
color [21] [33, 33, 33, 255]
color [26] [33, 33, 33, 255]
color [14] [60, 75, 168, 255]
color [34] [57, 73, 171, 255]
color [15] [93, 107, 191, 255]
color [74] [121, 134, 203, 255]
color [13] [253, 234, 178, 255]
color [65] [121, 134, 203, 255]
color [7] [92, 107, 192, 255]
color [32] [33, 33, 33, 255]
color [16] [92, 107, 192, 255]
color [84] [121, 134, 203, 255]
color [58] [92, 107, 192, 255]
color [30] [33, 33, 33, 255]
color [5] [92, 107, 192, 255]
color [4] [57, 73, 171, 255]
color [95] [57, 73, 171, 255]
color [81] [26, 35, 126, 255]
color [69] [57, 73, 171, 255]
color [19] [57, 73, 171, 255]
color [28] [73, 82, 149, 255]
color [41] [33, 33, 33, 255]
color [17] [57, 73, 171, 255]
color [0] [40, 53, 147, 255]
color [40] [33, 33, 33, 255]
color [35] [57, 73, 171, 255]
color [8] [57, 73, 171, 255]
color [85] [121, 134, 203, 255]
color [22] [33, 33, 33, 255]
color [76] [97, 111, 191, 255]
color [1] [26, 35, 126, 255]
color [36] [92, 107, 192, 255]
color [9] [57, 73, 171, 255]
color [18] [57, 73, 171, 255]
color [90] [26, 35, 126, 255]
color [11] [33, 33, 33, 255]
color [39] [57, 73, 171, 255]
color [12] [40, 53, 146, 255]
color [27] [55, 54, 59, 255]
color [10] [40, 53, 147, 255]
color [44] [255, 236, 179, 255]
color [99] [57, 73, 171, 255]
color [29] [57, 73, 171, 255]
color [79] [57, 73, 171, 255]
color [56] [121, 134, 203, 255]
color [45] [121, 134, 203, 255]
color [57] [92, 107, 192, 255]
color [31] [33, 33, 33, 255]
color [62] [26, 35, 126, 255]
color [3] [255, 236, 179, 255]
color [55] [121, 134, 203, 255]
color [6] [92, 107, 192, 255]
color [33] [33, 33, 33, 255]
color [61] [39, 52, 146, 255]
color [38] [57, 73, 171, 255]
color [53] [255, 236, 179, 255]
color [42] [26, 35, 126, 255]
color [49] [57, 73, 171, 255]
color [96] [57, 73, 171, 255]
color [47] [92, 107, 192, 255]
color [43] [255, 236, 179, 255]
color [37] [92, 107, 192, 255]
color [46] [121, 134, 203, 255]
color [48] [57, 73, 171, 255]
color [67] [92, 107, 192, 255]
color [59] [57, 73, 171, 255]
color [50] [26, 35, 125, 255]
color [51] [40, 53, 147, 255]
color [52] [26, 35, 126, 255]
color [54] [120, 133, 202, 255]
