color [98] [99, 83, 44, 255]
color [97] [114, 95, 48, 255]
color [94] [137, 114, 53, 255]
color [93] [123, 102, 48, 255]
color [92] [108, 89, 42, 255]
color [91] [101, 83, 38, 255]
color [89] [74, 66, 37, 255]
color [88] [104, 87, 46, 255]
color [87] [121, 100, 48, 255]
color [83] [114, 96, 45, 255]
color [82] [106, 90, 45, 255]
color [80] [67, 64, 35, 255]
color [78] [96, 82, 44, 255]
color [77] [118, 97, 47, 255]
color [75] [159, 127, 52, 255]
color [73] [224, 182, 57, 255]
color [72] [173, 162, 84, 255]
color [71] [151, 136, 57, 255]
color [68] [150, 131, 85, 255]
color [70] [123, 118, 59, 255]
color [66] [243, 203, 60, 255]
color [64] [246, 210, 59, 255]
color [63] [241, 196, 56, 255]
color [60] [126, 124, 74, 255]
color [25] [170, 140, 70, 255]
color [2] [114, 111, 70, 255]
color [24] [152, 129, 68, 255]
color [23] [140, 120, 64, 255]
color [86] [123, 103, 49, 255]
color [20] [110, 140, 86, 255]
color [21] [99, 131, 83, 255]
color [26] [153, 129, 64, 255]
color [14] [146, 127, 71, 255]
color [34] [243, 214, 71, 255]
color [15] [142, 126, 72, 255]
color [74] [209, 170, 54, 255]
color [13] [131, 116, 67, 255]
color [65] [246, 210, 61, 255]
color [7] [141, 123, 70, 255]
color [32] [206, 173, 63, 255]
color [16] [147, 126, 68, 255]
color [84] [122, 102, 49, 255]
color [58] [188, 164, 108, 255]
color [30] [112, 120, 91, 255]
color [5] [154, 138, 82, 255]
color [4] [142, 129, 78, 255]
color [95] [118, 100, 49, 255]
color [81] [100, 85, 39, 255]
color [69] [119, 100, 52, 255]
color [19] [107, 95, 56, 255]
color [28] [149, 123, 63, 255]
color [41] [135, 133, 80, 255]
color [17] [148, 126, 69, 255]
color [0] [103, 127, 82, 255]
color [40] [127, 127, 91, 255]
color [35] [241, 209, 70, 255]
color [8] [144, 122, 71, 255]
color [85] [132, 109, 51, 255]
color [22] [122, 127, 76, 255]
color [76] [146, 116, 50, 255]
color [1] [100, 132, 80, 255]
color [36] [243, 208, 62, 255]
color [9] [125, 107, 64, 255]
color [18] [137, 116, 65, 255]
color [90] [72, 61, 34, 255]
color [11] [88, 131, 79, 255]
color [39] [223, 175, 62, 255]
color [12] [112, 111, 66, 255]
color [27] [147, 124, 65, 255]
color [10] [108, 134, 85, 255]
color [44] [241, 208, 67, 255]
color [99] [80, 69, 38, 255]
color [29] [121, 105, 56, 255]
color [79] [81, 71, 39, 255]
color [56] [195, 160, 100, 255]
color [45] [239, 204, 69, 255]
color [57] [213, 171, 83, 255]
color [31] [119, 129, 82, 255]
color [62] [219, 180, 70, 255]
color [3] [124, 114, 72, 255]
color [55] [206, 168, 67, 255]
color [6] [147, 130, 75, 255]
color [33] [238, 201, 62, 255]
color [61] [146, 137, 74, 255]
color [38] [194, 160, 68, 255]
color [53] [222, 186, 79, 255]
color [42] [230, 191, 63, 255]
color [49] [198, 170, 100, 255]
color [96] [118, 100, 50, 255]
color [47] [232, 194, 73, 255]
color [43] [236, 198, 64, 255]
color [37] [233, 199, 66, 255]
color [46] [242, 212, 73, 255]
color [48] [217, 179, 80, 255]
color [67] [216, 175, 74, 255]
color [59] [11, 15, 17, 255]
color [50] [131, 127, 73, 255]
color [51] [174, 148, 64, 255]
color [52] [217, 166, 63, 255]
color [54] [220, 181, 72, 255]
