cut [0] [100,100]
color [0.2] [230,228,219,255]
merge [0.1] [0.2]
merge [0.0] [0.3]
merge [1] [2]
cut [3] [100,120]
color [3.2] [229,229,218,255]
merge [3.1] [3.2]
merge [3.0] [3.3]
merge [4] [5]
cut [6] [100,140]
color [6.2] [29,11,15,255]
merge [6.1] [6.2]
merge [6.0] [6.3]
merge [7] [8]
cut [9] [100,160]
color [9.2] [24,7,11,255]
merge [9.1] [9.2]
merge [9.0] [9.3]
merge [10] [11]
cut [12] [100,180]
color [12.2] [24,6,11,255]
merge [12.1] [12.2]
merge [12.0] [12.3]
merge [13] [14]
cut [15] [120,100]
color [15.2] [236,230,221,255]
merge [15.1] [15.2]
merge [15.0] [15.3]
merge [16] [17]
cut [18] [120,120]
color [18.2] [236,235,224,255]
merge [18.1] [18.2]
merge [18.0] [18.3]
merge [19] [20]
cut [21] [120,140]
color [21.2] [32,15,19,255]
merge [21.1] [21.2]
merge [21.0] [21.3]
merge [22] [23]
cut [24] [120,160]
color [24.2] [28,12,18,255]
merge [24.1] [24.2]
merge [24.0] [24.3]
merge [25] [26]
cut [27] [120,180]
color [27.2] [28,11,17,255]
merge [27.1] [27.2]
merge [27.0] [27.3]
merge [28] [29]
cut [30] [140,100]
color [30.2] [209,209,209,255]
merge [30.1] [30.2]
merge [30.0] [30.3]
merge [31] [32]
cut [33] [140,120]
color [33.2] [26,12,19,255]
merge [33.1] [33.2]
merge [33.0] [33.3]
merge [34] [35]
cut [36] [140,140]
color [36.2] [21,7,13,255]
merge [36.1] [36.2]
merge [36.0] [36.3]
merge [37] [38]
cut [39] [140,160]
color [39.2] [52,39,44,255]
merge [39.1] [39.2]
merge [39.0] [39.3]
merge [40] [41]
cut [42] [140,180]
color [42.2] [35,22,27,255]
merge [42.1] [42.2]
merge [42.0] [42.3]
merge [43] [44]
cut [45] [160,100]
color [45.2] [210,211,214,255]
merge [45.1] [45.2]
merge [45.0] [45.3]
merge [46] [47]
cut [48] [160,120]
color [48.2] [14,3,5,255]
merge [48.1] [48.2]
merge [48.0] [48.3]
merge [49] [50]
cut [51] [160,140]
color [51.2] [22,6,11,255]
merge [51.1] [51.2]
merge [51.0] [51.3]
merge [52] [53]
cut [54] [160,160]
color [54.2] [202,202,203,255]
merge [54.1] [54.2]
merge [54.0] [54.3]
merge [55] [56]
cut [57] [160,180]
color [57.2] [201,204,202,255]
merge [57.1] [57.2]
merge [57.0] [57.3]
merge [58] [59]
cut [60] [180,100]
color [60.2] [214,215,212,255]
merge [60.1] [60.2]
merge [60.0] [60.3]
merge [61] [62]
cut [63] [180,120]
color [63.2] [9,1,3,255]
merge [63.1] [63.2]
merge [63.0] [63.3]
merge [64] [65]
cut [66] [180,140]
color [66.2] [12,3,5,255]
merge [66.1] [66.2]
merge [66.0] [66.3]
merge [67] [68]
cut [69] [180,160]
color [69.2] [199,200,202,255]
merge [69.1] [69.2]
merge [69.0] [69.3]
merge [70] [71]
cut [72] [180,180]
color [72.2] [202,206,205,255]
merge [72.1] [72.2]
merge [72.0] [72.3]
merge [73] [74]
cut [75] [200,200]
cut [75.0] [100,100]
swap [75.0.2] [75.0.0]
merge [75.1] [75.2]
merge [75.0.0] [75.0.1]
merge [75.0.2] [75.0.3]
merge [77] [78]
merge [75.3] [79]
merge [76] [80]
cut [81] [100,100]
color [81.2] [235,238,229,255]
merge [81.1] [81.2]
merge [81.0] [81.3]
merge [82] [83]
cut [84] [100,120]
color [84.2] [232,238,233,255]
merge [84.1] [84.2]
merge [84.0] [84.3]
merge [85] [86]
cut [87] [100,140]
color [87.2] [229,236,229,255]
merge [87.1] [87.2]
merge [87.0] [87.3]
merge [88] [89]
cut [90] [100,160]
color [90.2] [228,235,227,255]
merge [90.1] [90.2]
merge [90.0] [90.3]
merge [91] [92]
cut [93] [100,180]
color [93.2] [231,237,229,255]
merge [93.1] [93.2]
merge [93.0] [93.3]
merge [94] [95]
cut [96] [120,100]
color [96.2] [228,230,219,255]
merge [96.1] [96.2]
merge [96.0] [96.3]
merge [97] [98]
cut [99] [120,120]
color [99.2] [227,233,227,255]
merge [99.1] [99.2]
merge [99.0] [99.3]
merge [100] [101]
cut [102] [120,140]
color [102.2] [224,230,223,255]
merge [102.1] [102.2]
merge [102.0] [102.3]
merge [103] [104]
cut [105] [120,160]
color [105.2] [222,227,220,255]
merge [105.1] [105.2]
merge [105.0] [105.3]
merge [106] [107]
cut [108] [120,180]
color [108.2] [224,229,223,255]
merge [108.1] [108.2]
merge [108.0] [108.3]
merge [109] [110]
cut [111] [140,100]
color [111.2] [32,13,16,255]
merge [111.1] [111.2]
merge [111.0] [111.3]
merge [112] [113]
cut [114] [140,120]
color [114.2] [36,18,22,255]
merge [114.1] [114.2]
merge [114.0] [114.3]
merge [115] [116]
cut [117] [140,140]
color [117.2] [37,23,24,255]
merge [117.1] [117.2]
merge [117.0] [117.3]
merge [118] [119]
cut [120] [140,160]
color [120.2] [193,71,46,255]
merge [120.1] [120.2]
merge [120.0] [120.3]
merge [121] [122]
cut [123] [140,180]
color [123.2] [200,73,46,255]
merge [123.1] [123.2]
merge [123.0] [123.3]
merge [124] [125]
cut [126] [160,100]
color [126.2] [27,7,11,255]
merge [126.1] [126.2]
merge [126.0] [126.3]
merge [127] [128]
cut [129] [160,120]
color [129.2] [33,12,18,255]
merge [129.1] [129.2]
merge [129.0] [129.3]
merge [130] [131]
cut [132] [160,140]
color [132.2] [35,14,19,255]
merge [132.1] [132.2]
merge [132.0] [132.3]
merge [133] [134]
cut [135] [160,160]
color [135.2] [195,70,46,255]
merge [135.1] [135.2]
merge [135.0] [135.3]
merge [136] [137]
cut [138] [160,180]
color [138.2] [201,73,46,255]
merge [138.1] [138.2]
merge [138.0] [138.3]
merge [139] [140]
cut [141] [180,100]
color [141.2] [24,5,9,255]
merge [141.1] [141.2]
merge [141.0] [141.3]
merge [142] [143]
cut [144] [180,120]
color [144.2] [26,7,11,255]
merge [144.1] [144.2]
merge [144.0] [144.3]
merge [145] [146]
cut [147] [180,140]
color [147.2] [28,9,13,255]
merge [147.1] [147.2]
merge [147.0] [147.3]
merge [148] [149]
cut [150] [180,160]
color [150.2] [193,68,43,255]
merge [150.1] [150.2]
merge [150.0] [150.3]
merge [151] [152]
cut [153] [180,180]
color [153.2] [200,71,45,255]
merge [153.1] [153.2]
merge [153.0] [153.3]
merge [154] [155]
cut [156] [200,200]
cut [156.0] [100,100]
swap [156.0.2] [156.0.3]
merge [156.1] [156.2]
merge [156.0.0] [156.0.1]
merge [156.0.2] [156.0.3]
merge [156.3] [159]
merge [158] [160]
merge [157] [161]
cut [162] [100,100]
color [162.2] [226,203,118,255]
merge [162.1] [162.2]
merge [162.0] [162.3]
merge [163] [164]
cut [165] [100,120]
color [165.2] [228,204,119,255]
merge [165.1] [165.2]
merge [165.0] [165.3]
merge [166] [167]
cut [168] [100,140]
color [168.2] [239,212,123,255]
merge [168.1] [168.2]
merge [168.0] [168.3]
merge [169] [170]
cut [171] [100,160]
color [171.2] [244,214,124,255]
merge [171.1] [171.2]
merge [171.0] [171.3]
merge [172] [173]
cut [174] [100,180]
color [174.2] [244,213,124,255]
merge [174.1] [174.2]
merge [174.0] [174.3]
merge [175] [176]
cut [177] [120,100]
color [177.2] [223,197,112,255]
merge [177.1] [177.2]
merge [177.0] [177.3]
merge [178] [179]
cut [180] [120,120]
color [180.2] [230,204,115,255]
merge [180.1] [180.2]
merge [180.0] [180.3]
merge [181] [182]
cut [183] [120,140]
color [183.2] [241,212,119,255]
merge [183.1] [183.2]
merge [183.0] [183.3]
merge [184] [185]
cut [186] [120,160]
color [186.2] [245,215,121,255]
merge [186.1] [186.2]
merge [186.0] [186.3]
merge [187] [188]
cut [189] [120,180]
color [189.2] [245,214,120,255]
merge [189.1] [189.2]
merge [189.0] [189.3]
merge [190] [191]
cut [192] [140,100]
color [192.2] [217,214,196,255]
merge [192.1] [192.2]
merge [192.0] [192.3]
merge [193] [194]
cut [195] [140,120]
color [195.2] [215,213,190,255]
merge [195.1] [195.2]
merge [195.0] [195.3]
merge [196] [197]
cut [198] [140,140]
color [198.2] [41,23,16,255]
merge [198.1] [198.2]
merge [198.0] [198.3]
merge [199] [200]
cut [201] [140,160]
color [201.2] [38,16,14,255]
merge [201.1] [201.2]
merge [201.0] [201.3]
merge [202] [203]
cut [204] [140,180]
color [204.2] [37,14,13,255]
merge [204.1] [204.2]
merge [204.0] [204.3]
merge [205] [206]
cut [207] [160,100]
color [207.2] [221,221,212,255]
merge [207.1] [207.2]
merge [207.0] [207.3]
merge [208] [209]
cut [210] [160,120]
color [210.2] [221,222,208,255]
merge [210.1] [210.2]
merge [210.0] [210.3]
merge [211] [212]
cut [213] [160,140]
color [213.2] [37,16,17,255]
merge [213.1] [213.2]
merge [213.0] [213.3]
merge [214] [215]
cut [216] [160,160]
color [216.2] [30,10,15,255]
merge [216.1] [216.2]
merge [216.0] [216.3]
merge [217] [218]
cut [219] [160,180]
color [219.2] [31,10,14,255]
merge [219.1] [219.2]
merge [219.0] [219.3]
merge [220] [221]
cut [222] [180,100]
color [222.2] [217,217,213,255]
merge [222.1] [222.2]
merge [222.0] [222.3]
merge [223] [224]
cut [225] [180,120]
color [225.2] [219,218,207,255]
merge [225.1] [225.2]
merge [225.0] [225.3]
merge [226] [227]
cut [228] [180,140]
color [228.2] [32,14,16,255]
merge [228.1] [228.2]
merge [228.0] [228.3]
merge [229] [230]
cut [231] [180,160]
color [231.2] [24,7,11,255]
merge [231.1] [231.2]
merge [231.0] [231.3]
merge [232] [233]
cut [234] [180,180]
color [234.2] [24,5,9,255]
merge [234.1] [234.2]
merge [234.0] [234.3]
merge [235] [236]
cut [237] [200,200]
cut [237.0] [100,100]
swap [237.0.2] [237.0.1]
merge [237.1] [237.2]
merge [237.0.0] [237.0.2]
merge [237.0.1] [237.0.3]
merge [237.3] [240]
merge [239] [241]
merge [238] [242]
cut [243] [100,100]
color [243.2] [213,213,213,255]
merge [243.1] [243.2]
merge [243.0] [243.3]
merge [244] [245]
cut [246] [100,120]
color [246.2] [6,1,2,255]
merge [246.1] [246.2]
merge [246.0] [246.3]
merge [247] [248]
cut [249] [100,140]
color [249.2] [10,2,5,255]
merge [249.1] [249.2]
merge [249.0] [249.3]
merge [250] [251]
cut [252] [100,160]
color [252.2] [197,198,198,255]
merge [252.1] [252.2]
merge [252.0] [252.3]
merge [253] [254]
cut [255] [100,180]
color [255.2] [201,202,199,255]
merge [255.1] [255.2]
merge [255.0] [255.3]
merge [256] [257]
cut [258] [120,100]
color [258.2] [212,212,209,255]
merge [258.1] [258.2]
merge [258.0] [258.3]
merge [259] [260]
cut [261] [120,120]
color [261.2] [7,1,3,255]
merge [261.1] [261.2]
merge [261.0] [261.3]
merge [262] [263]
cut [264] [120,140]
color [264.2] [15,4,13,255]
merge [264.1] [264.2]
merge [264.0] [264.3]
merge [265] [266]
cut [267] [120,160]
color [267.2] [197,197,197,255]
merge [267.1] [267.2]
merge [267.0] [267.3]
merge [268] [269]
cut [270] [120,180]
color [270.2] [197,199,197,255]
merge [270.1] [270.2]
merge [270.0] [270.3]
merge [271] [272]
cut [273] [140,100]
color [273.2] [214,213,209,255]
merge [273.1] [273.2]
merge [273.0] [273.3]
merge [274] [275]
cut [276] [140,120]
color [276.2] [14,3,4,255]
merge [276.1] [276.2]
merge [276.0] [276.3]
merge [277] [278]
cut [279] [140,140]
color [279.2] [40,32,102,255]
merge [279.1] [279.2]
merge [279.0] [279.3]
merge [280] [281]
cut [282] [140,160]
color [282.2] [51,43,156,255]
merge [282.1] [282.2]
merge [282.0] [282.3]
merge [283] [284]
cut [285] [140,180]
color [285.2] [44,40,115,255]
merge [285.1] [285.2]
merge [285.0] [285.3]
merge [286] [287]
cut [288] [160,100]
color [288.2] [219,223,214,255]
merge [288.1] [288.2]
merge [288.0] [288.3]
merge [289] [290]
cut [291] [160,120]
color [291.2] [34,36,159,255]
merge [291.1] [291.2]
merge [291.0] [291.3]
merge [292] [293]
cut [294] [160,140]
color [294.2] [44,39,165,255]
merge [294.1] [294.2]
merge [294.0] [294.3]
merge [295] [296]
cut [297] [160,160]
color [297.2] [40,42,166,255]
merge [297.1] [297.2]
merge [297.0] [297.3]
merge [298] [299]
cut [300] [160,180]
color [300.2] [38,42,165,255]
merge [300.1] [300.2]
merge [300.0] [300.3]
merge [301] [302]
cut [303] [180,100]
color [303.2] [222,225,216,255]
merge [303.1] [303.2]
merge [303.0] [303.3]
merge [304] [305]
cut [306] [180,120]
color [306.2] [34,37,155,255]
merge [306.1] [306.2]
merge [306.0] [306.3]
merge [307] [308]
cut [309] [180,140]
color [309.2] [44,39,161,255]
merge [309.1] [309.2]
merge [309.0] [309.3]
merge [310] [311]
cut [312] [180,160]
color [312.2] [40,40,161,255]
merge [312.1] [312.2]
merge [312.0] [312.3]
merge [313] [314]
cut [315] [180,180]
color [315.2] [35,45,163,255]
merge [315.1] [315.2]
merge [315.0] [315.3]
merge [316] [317]
cut [318] [100,200]
color [318.2] [203,201,196,255]
merge [318.0] [318.1]
merge [318.2] [318.3]
merge [319] [320]
cut [321] [100,220]
color [321.2] [206,202,198,255]
merge [321.0] [321.1]
merge [321.2] [321.3]
merge [322] [323]
cut [324] [100,240]
color [324.2] [196,72,43,255]
merge [324.0] [324.1]
merge [324.2] [324.3]
merge [325] [326]
cut [327] [100,260]
color [327.2] [202,71,41,255]
merge [327.0] [327.1]
merge [327.2] [327.3]
merge [328] [329]
cut [330] [100,280]
color [330.2] [204,72,42,255]
merge [330.0] [330.1]
merge [330.2] [330.3]
merge [331] [332]
cut [333] [120,200]
color [333.2] [204,204,203,255]
merge [333.0] [333.1]
merge [333.2] [333.3]
merge [334] [335]
cut [336] [120,220]
color [336.2] [207,206,202,255]
merge [336.0] [336.1]
merge [336.2] [336.3]
merge [337] [338]
cut [339] [120,240]
color [339.2] [202,75,47,255]
merge [339.0] [339.1]
merge [339.2] [339.3]
merge [340] [341]
cut [342] [120,260]
color [342.2] [207,76,46,255]
merge [342.0] [342.1]
merge [342.2] [342.3]
merge [343] [344]
cut [345] [120,280]
color [345.2] [207,76,46,255]
merge [345.0] [345.1]
merge [345.2] [345.3]
merge [346] [347]
cut [348] [140,200]
color [348.2] [161,164,160,255]
merge [348.0] [348.1]
merge [348.2] [348.3]
merge [349] [350]
cut [351] [140,220]
color [351.2] [205,204,200,255]
merge [351.0] [351.1]
merge [351.2] [351.3]
merge [352] [353]
cut [354] [140,240]
color [354.2] [43,35,35,255]
merge [354.0] [354.1]
merge [354.2] [354.3]
merge [355] [356]
cut [357] [140,260]
color [357.2] [205,76,48,255]
merge [357.0] [357.1]
merge [357.2] [357.3]
merge [358] [359]
cut [360] [140,280]
color [360.2] [204,78,48,255]
merge [360.0] [360.1]
merge [360.2] [360.3]
merge [361] [362]
cut [363] [160,200]
color [363.2] [226,225,218,255]
merge [363.0] [363.1]
merge [363.2] [363.3]
merge [364] [365]
cut [366] [160,220]
color [366.2] [229,229,221,255]
merge [366.0] [366.1]
merge [366.2] [366.3]
merge [367] [368]
cut [369] [160,240]
color [369.2] [222,220,208,255]
merge [369.0] [369.1]
merge [369.2] [369.3]
merge [370] [371]
cut [372] [160,260]
color [372.2] [227,228,214,255]
merge [372.0] [372.1]
merge [372.2] [372.3]
merge [373] [374]
cut [375] [160,280]
color [375.2] [227,226,211,255]
merge [375.0] [375.1]
merge [375.2] [375.3]
merge [376] [377]
cut [378] [180,200]
color [378.2] [222,224,216,255]
merge [378.0] [378.1]
merge [378.2] [378.3]
merge [379] [380]
cut [381] [180,220]
color [381.2] [226,228,218,255]
merge [381.0] [381.1]
merge [381.2] [381.3]
merge [382] [383]
cut [384] [180,240]
color [384.2] [220,222,208,255]
merge [384.0] [384.1]
merge [384.2] [384.3]
merge [385] [386]
cut [387] [180,260]
color [387.2] [230,232,220,255]
merge [387.0] [387.1]
merge [387.2] [387.3]
merge [388] [389]
cut [390] [180,280]
color [390.2] [231,233,219,255]
merge [390.0] [390.1]
merge [390.2] [390.3]
merge [391] [392]
cut [393] [200,200]
cut [393.3] [100,300]
swap [393.3.1] [393.3.0]
merge [393.0] [393.1]
merge [393.3.0] [393.3.1]
merge [393.3.2] [393.3.3]
merge [395] [396]
merge [393.2] [397]
merge [394] [398]
cut [399] [100,200]
color [399.2] [252,253,243,255]
merge [399.0] [399.1]
merge [399.2] [399.3]
merge [400] [401]
cut [402] [100,220]
color [402.2] [252,252,242,255]
merge [402.0] [402.1]
merge [402.2] [402.3]
merge [403] [404]
cut [405] [100,240]
color [405.2] [241,243,231,255]
merge [405.0] [405.1]
merge [405.2] [405.3]
merge [406] [407]
cut [408] [100,260]
color [408.2] [240,246,238,255]
merge [408.0] [408.1]
merge [408.2] [408.3]
merge [409] [410]
cut [411] [100,280]
color [411.2] [243,246,238,255]
merge [411.0] [411.1]
merge [411.2] [411.3]
merge [412] [413]
cut [414] [120,200]
color [414.2] [251,251,238,255]
merge [414.0] [414.1]
merge [414.2] [414.3]
merge [415] [416]
cut [417] [120,220]
color [417.2] [251,251,240,255]
merge [417.0] [417.1]
merge [417.2] [417.3]
merge [418] [419]
cut [420] [120,240]
color [420.2] [243,244,230,255]
merge [420.0] [420.1]
merge [420.2] [420.3]
merge [421] [422]
cut [423] [120,260]
color [423.2] [239,245,239,255]
merge [423.0] [423.1]
merge [423.2] [423.3]
merge [424] [425]
cut [426] [120,280]
color [426.2] [241,244,236,255]
merge [426.0] [426.1]
merge [426.2] [426.3]
merge [427] [428]
cut [429] [140,200]
color [429.2] [221,96,69,255]
merge [429.0] [429.1]
merge [429.2] [429.3]
merge [430] [431]
cut [432] [140,220]
color [432.2] [221,93,67,255]
merge [432.0] [432.1]
merge [432.2] [432.3]
merge [433] [434]
cut [435] [140,240]
color [435.2] [72,46,49,255]
merge [435.0] [435.1]
merge [435.2] [435.3]
merge [436] [437]
cut [438] [140,260]
color [438.2] [229,233,230,255]
merge [438.0] [438.1]
merge [438.2] [438.3]
merge [439] [440]
cut [441] [140,280]
color [441.2] [231,232,228,255]
merge [441.0] [441.1]
merge [441.2] [441.3]
merge [442] [443]
cut [444] [160,200]
color [444.2] [219,92,65,255]
merge [444.0] [444.1]
merge [444.2] [444.3]
merge [445] [446]
cut [447] [160,220]
color [447.2] [220,91,66,255]
merge [447.0] [447.1]
merge [447.2] [447.3]
merge [448] [449]
cut [450] [160,240]
color [450.2] [216,86,61,255]
merge [450.0] [450.1]
merge [450.2] [450.3]
merge [451] [452]
cut [453] [160,260]
color [453.2] [222,228,221,255]
merge [453.0] [453.1]
merge [453.2] [453.3]
merge [454] [455]
cut [456] [160,280]
color [456.2] [225,227,221,255]
merge [456.0] [456.1]
merge [456.2] [456.3]
merge [457] [458]
cut [459] [180,200]
color [459.2] [216,84,58,255]
merge [459.0] [459.1]
merge [459.2] [459.3]
merge [460] [461]
cut [462] [180,220]
color [462.2] [216,85,60,255]
merge [462.0] [462.1]
merge [462.2] [462.3]
merge [463] [464]
cut [465] [180,240]
color [465.2] [213,81,56,255]
merge [465.0] [465.1]
merge [465.2] [465.3]
merge [466] [467]
cut [468] [180,260]
color [468.2] [213,217,209,255]
merge [468.0] [468.1]
merge [468.2] [468.3]
merge [469] [470]
cut [471] [180,280]
color [471.2] [222,223,215,255]
merge [471.0] [471.1]
merge [471.2] [471.3]
merge [472] [473]
cut [474] [200,200]
cut [474.3] [100,300]
swap [474.3.1] [474.3.3]
merge [474.0] [474.1]
merge [474.3.0] [474.3.1]
merge [474.3.2] [474.3.3]
merge [474.2] [477]
merge [476] [478]
merge [475] [479]
cut [480] [100,200]
color [480.2] [220,225,217,255]
merge [480.0] [480.1]
merge [480.2] [480.3]
merge [481] [482]
cut [483] [100,220]
color [483.2] [38,36,156,255]
merge [483.0] [483.1]
merge [483.2] [483.3]
merge [484] [485]
cut [486] [100,240]
color [486.2] [48,38,161,255]
merge [486.0] [486.1]
merge [486.2] [486.3]
merge [487] [488]
cut [489] [100,260]
color [489.2] [44,39,163,255]
merge [489.0] [489.1]
merge [489.2] [489.3]
merge [490] [491]
cut [492] [100,280]
color [492.2] [41,40,161,255]
merge [492.0] [492.1]
merge [492.2] [492.3]
merge [493] [494]
cut [495] [120,200]
color [495.2] [225,226,220,255]
merge [495.0] [495.1]
merge [495.2] [495.3]
merge [496] [497]
cut [498] [120,220]
color [498.2] [33,41,160,255]
merge [498.0] [498.1]
merge [498.2] [498.3]
merge [499] [500]
cut [501] [120,240]
color [501.2] [42,39,161,255]
merge [501.0] [501.1]
merge [501.2] [501.3]
merge [502] [503]
cut [504] [120,260]
color [504.2] [44,39,163,255]
merge [504.0] [504.1]
merge [504.2] [504.3]
merge [505] [506]
cut [507] [120,280]
color [507.2] [32,44,166,255]
merge [507.0] [507.1]
merge [507.2] [507.3]
merge [508] [509]
cut [510] [140,200]
color [510.2] [226,226,223,255]
merge [510.0] [510.1]
merge [510.2] [510.3]
merge [511] [512]
cut [513] [140,220]
color [513.2] [35,40,159,255]
merge [513.0] [513.1]
merge [513.2] [513.3]
merge [514] [515]
cut [516] [140,240]
color [516.2] [42,39,163,255]
merge [516.0] [516.1]
merge [516.2] [516.3]
merge [517] [518]
cut [519] [140,260]
color [519.2] [41,40,165,255]
merge [519.0] [519.1]
merge [519.2] [519.3]
merge [520] [521]
cut [522] [140,280]
color [522.2] [33,41,164,255]
merge [522.0] [522.1]
merge [522.2] [522.3]
merge [523] [524]
cut [525] [160,200]
color [525.2] [221,218,207,255]
merge [525.0] [525.1]
merge [525.2] [525.3]
merge [526] [527]
cut [528] [160,220]
color [528.2] [27,37,111,255]
merge [528.0] [528.1]
merge [528.2] [528.3]
merge [529] [530]
cut [531] [160,240]
color [531.2] [34,43,161,255]
merge [531.0] [531.1]
merge [531.2] [531.3]
merge [532] [533]
cut [534] [160,260]
color [534.2] [30,47,166,255]
merge [534.0] [534.1]
merge [534.2] [534.3]
merge [535] [536]
cut [537] [160,280]
color [537.2] [28,43,157,255]
merge [537.0] [537.1]
merge [537.2] [537.3]
merge [538] [539]
cut [540] [180,200]
color [540.2] [213,91,62,255]
merge [540.0] [540.1]
merge [540.2] [540.3]
merge [541] [542]
cut [543] [180,220]
color [543.2] [210,88,56,255]
merge [543.0] [543.1]
merge [543.2] [543.3]
merge [544] [545]
cut [546] [180,240]
color [546.2] [209,88,58,255]
merge [546.0] [546.1]
merge [546.2] [546.3]
merge [547] [548]
cut [549] [180,260]
color [549.2] [209,87,57,255]
merge [549.0] [549.1]
merge [549.2] [549.3]
merge [550] [551]
cut [552] [180,280]
color [552.2] [209,81,51,255]
merge [552.0] [552.1]
merge [552.2] [552.3]
merge [553] [554]
cut [555] [200,100]
color [555.2] [225,226,217,255]
merge [555.0] [555.3]
merge [555.1] [555.2]
merge [556] [557]
cut [558] [200,120]
color [558.2] [227,229,220,255]
merge [558.0] [558.3]
merge [558.1] [558.2]
merge [559] [560]
cut [561] [200,140]
color [561.2] [168,170,157,255]
merge [561.0] [561.3]
merge [561.1] [561.2]
merge [562] [563]
cut [564] [200,160]
color [564.2] [230,229,217,255]
merge [564.0] [564.3]
merge [564.1] [564.2]
merge [565] [566]
cut [567] [200,180]
color [567.2] [234,233,218,255]
merge [567.0] [567.3]
merge [567.1] [567.2]
merge [568] [569]
cut [570] [220,100]
color [570.2] [229,230,221,255]
merge [570.0] [570.3]
merge [570.1] [570.2]
merge [571] [572]
cut [573] [220,120]
color [573.2] [230,232,224,255]
merge [573.0] [573.3]
merge [573.1] [573.2]
merge [574] [575]
cut [576] [220,140]
color [576.2] [225,224,214,255]
merge [576.0] [576.3]
merge [576.1] [576.2]
merge [577] [578]
cut [579] [220,160]
color [579.2] [233,232,219,255]
merge [579.0] [579.3]
merge [579.1] [579.2]
merge [580] [581]
cut [582] [220,180]
color [582.2] [237,237,226,255]
merge [582.0] [582.3]
merge [582.1] [582.2]
merge [583] [584]
cut [585] [240,100]
color [585.2] [236,237,231,255]
merge [585.0] [585.3]
merge [585.1] [585.2]
merge [586] [587]
cut [588] [240,120]
color [588.2] [236,237,230,255]
merge [588.0] [588.3]
merge [588.1] [588.2]
merge [589] [590]
cut [591] [240,140]
color [591.2] [233,234,222,255]
merge [591.0] [591.3]
merge [591.1] [591.2]
merge [592] [593]
cut [594] [240,160]
color [594.2] [240,241,229,255]
merge [594.0] [594.3]
merge [594.1] [594.2]
merge [595] [596]
cut [597] [240,180]
color [597.2] [244,244,233,255]
merge [597.0] [597.3]
merge [597.1] [597.2]
merge [598] [599]
cut [600] [260,100]
color [600.2] [243,244,235,255]
merge [600.0] [600.3]
merge [600.1] [600.2]
merge [601] [602]
cut [603] [260,120]
color [603.2] [242,242,231,255]
merge [603.0] [603.3]
merge [603.1] [603.2]
merge [604] [605]
cut [606] [260,140]
color [606.2] [75,78,65,255]
merge [606.0] [606.3]
merge [606.1] [606.2]
merge [607] [608]
cut [609] [260,160]
color [609.2] [241,244,228,255]
merge [609.0] [609.3]
merge [609.1] [609.2]
merge [610] [611]
cut [612] [260,180]
color [612.2] [248,249,233,255]
merge [612.0] [612.3]
merge [612.1] [612.2]
merge [613] [614]
cut [615] [280,100]
color [615.2] [217,221,214,255]
merge [615.0] [615.3]
merge [615.1] [615.2]
merge [616] [617]
cut [618] [280,120]
color [618.2] [224,229,227,255]
merge [618.0] [618.3]
merge [618.1] [618.2]
merge [619] [620]
cut [621] [280,140]
color [621.2] [227,231,229,255]
merge [621.0] [621.3]
merge [621.1] [621.2]
merge [622] [623]
cut [624] [280,160]
color [624.2] [229,232,229,255]
merge [624.0] [624.3]
merge [624.1] [624.2]
merge [625] [626]
cut [627] [280,180]
color [627.2] [228,233,229,255]
merge [627.0] [627.3]
merge [627.1] [627.2]
merge [628] [629]
cut [630] [200,200]
cut [630.1] [300,100]
swap [630.1.3] [630.1.0]
merge [630.0] [630.3]
merge [630.1.0] [630.1.2]
merge [630.2] [632]
merge [630.1.1] [630.1.3]
merge [633] [634]
merge [631] [635]
cut [636] [200,100]
color [636.2] [233,238,230,255]
merge [636.0] [636.3]
merge [636.1] [636.2]
merge [637] [638]
cut [639] [200,120]
color [639.2] [238,241,234,255]
merge [639.0] [639.3]
merge [639.1] [639.2]
merge [640] [641]
cut [642] [200,140]
color [642.2] [239,241,234,255]
merge [642.0] [642.3]
merge [642.1] [642.2]
merge [643] [644]
cut [645] [200,160]
color [645.2] [253,253,243,255]
merge [645.0] [645.3]
merge [645.1] [645.2]
merge [646] [647]
cut [648] [200,180]
color [648.2] [252,252,239,255]
merge [648.0] [648.3]
merge [648.1] [648.2]
merge [649] [650]
cut [651] [220,100]
color [651.2] [229,231,225,255]
merge [651.0] [651.3]
merge [651.1] [651.2]
merge [652] [653]
cut [654] [220,120]
color [654.2] [231,232,226,255]
merge [654.0] [654.3]
merge [654.1] [654.2]
merge [655] [656]
cut [657] [220,140]
color [657.2] [226,225,216,255]
merge [657.0] [657.3]
merge [657.1] [657.2]
merge [658] [659]
cut [660] [220,160]
color [660.2] [251,250,238,255]
merge [660.0] [660.3]
merge [660.1] [660.2]
merge [661] [662]
cut [663] [220,180]
color [663.2] [251,250,236,255]
merge [663.0] [663.3]
merge [663.1] [663.2]
merge [664] [665]
cut [666] [240,100]
color [666.2] [206,78,50,255]
merge [666.0] [666.3]
merge [666.1] [666.2]
merge [667] [668]
cut [669] [240,120]
color [669.2] [214,84,56,255]
merge [669.0] [669.3]
merge [669.1] [669.2]
merge [670] [671]
cut [672] [240,140]
color [672.2] [218,87,57,255]
merge [672.0] [672.3]
merge [672.1] [672.2]
merge [673] [674]
cut [675] [240,160]
color [675.2] [217,91,64,255]
merge [675.0] [675.3]
merge [675.1] [675.2]
merge [676] [677]
cut [678] [240,180]
color [678.2] [218,93,65,255]
merge [678.0] [678.3]
merge [678.1] [678.2]
merge [679] [680]
cut [681] [260,100]
color [681.2] [209,80,51,255]
merge [681.0] [681.3]
merge [681.1] [681.2]
merge [682] [683]
cut [684] [260,120]
color [684.2] [215,84,56,255]
merge [684.0] [684.3]
merge [684.1] [684.2]
merge [685] [686]
cut [687] [260,140]
color [687.2] [217,85,58,255]
merge [687.0] [687.3]
merge [687.1] [687.2]
merge [688] [689]
cut [690] [260,160]
color [690.2] [216,86,59,255]
merge [690.0] [690.3]
merge [690.1] [690.2]
merge [691] [692]
cut [693] [260,180]
color [693.2] [218,88,62,255]
merge [693.0] [693.3]
merge [693.1] [693.2]
merge [694] [695]
cut [696] [280,100]
color [696.2] [209,78,49,255]
merge [696.0] [696.3]
merge [696.1] [696.2]
merge [697] [698]
cut [699] [280,120]
color [699.2] [215,82,54,255]
merge [699.0] [699.3]
merge [699.1] [699.2]
merge [700] [701]
cut [702] [280,140]
color [702.2] [215,82,54,255]
merge [702.0] [702.3]
merge [702.1] [702.2]
merge [703] [704]
cut [705] [280,160]
color [705.2] [213,82,55,255]
merge [705.0] [705.3]
merge [705.1] [705.2]
merge [706] [707]
cut [708] [280,180]
color [708.2] [217,85,59,255]
merge [708.0] [708.3]
merge [708.1] [708.2]
merge [709] [710]
cut [711] [200,200]
cut [711.1] [300,100]
swap [711.1.3] [711.1.1]
merge [711.0] [711.3]
merge [711.1.0] [711.1.1]
merge [711.1.2] [711.1.3]
merge [713] [714]
merge [711.2] [715]
merge [712] [716]
cut [717] [200,100]
color [717.2] [24,6,10,255]
merge [717.0] [717.3]
merge [717.1] [717.2]
merge [718] [719]
cut [720] [200,120]
color [720.2] [23,5,10,255]
merge [720.0] [720.3]
merge [720.1] [720.2]
merge [721] [722]
cut [723] [200,140]
color [723.2] [22,5,9,255]
merge [723.0] [723.3]
merge [723.1] [723.2]
merge [724] [725]
cut [726] [200,160]
color [726.2] [194,67,41,255]
merge [726.0] [726.3]
merge [726.1] [726.2]
merge [727] [728]
cut [729] [200,180]
color [729.2] [202,73,45,255]
merge [729.0] [729.3]
merge [729.1] [729.2]
merge [730] [731]
cut [732] [220,100]
color [732.2] [28,10,17,255]
merge [732.0] [732.3]
merge [732.1] [732.2]
merge [733] [734]
cut [735] [220,120]
color [735.2] [29,11,19,255]
merge [735.0] [735.3]
merge [735.1] [735.2]
merge [736] [737]
cut [738] [220,140]
color [738.2] [26,8,13,255]
merge [738.0] [738.3]
merge [738.1] [738.2]
merge [739] [740]
cut [741] [220,160]
color [741.2] [193,69,42,255]
merge [741.0] [741.3]
merge [741.1] [741.2]
merge [742] [743]
cut [744] [220,180]
color [744.2] [202,75,45,255]
merge [744.0] [744.3]
merge [744.1] [744.2]
merge [745] [746]
cut [747] [240,100]
color [747.2] [35,22,30,255]
merge [747.0] [747.3]
merge [747.1] [747.2]
merge [748] [749]
cut [750] [240,120]
color [750.2] [38,26,35,255]
merge [750.0] [750.3]
merge [750.1] [750.2]
merge [751] [752]
cut [753] [240,140]
color [753.2] [34,20,23,255]
merge [753.0] [753.3]
merge [753.1] [753.2]
merge [754] [755]
cut [756] [240,160]
color [756.2] [194,69,41,255]
merge [756.0] [756.3]
merge [756.1] [756.2]
merge [757] [758]
cut [759] [240,180]
color [759.2] [202,74,45,255]
merge [759.0] [759.3]
merge [759.1] [759.2]
merge [760] [761]
cut [762] [260,100]
color [762.2] [204,205,204,255]
merge [762.0] [762.3]
merge [762.1] [762.2]
merge [763] [764]
cut [765] [260,120]
color [765.2] [202,200,198,255]
merge [765.0] [765.3]
merge [765.1] [765.2]
merge [766] [767]
cut [768] [260,140]
color [768.2] [189,68,40,255]
merge [768.0] [768.3]
merge [768.1] [768.2]
merge [769] [770]
cut [771] [260,160]
color [771.2] [200,71,41,255]
merge [771.0] [771.3]
merge [771.1] [771.2]
merge [772] [773]
cut [774] [260,180]
color [774.2] [202,73,42,255]
merge [774.0] [774.3]
merge [774.1] [774.2]
merge [775] [776]
cut [777] [280,100]
color [777.2] [204,203,202,255]
merge [777.0] [777.3]
merge [777.1] [777.2]
merge [778] [779]
cut [780] [280,120]
color [780.2] [206,203,200,255]
merge [780.0] [780.3]
merge [780.1] [780.2]
merge [781] [782]
cut [783] [280,140]
color [783.2] [193,68,40,255]
merge [783.0] [783.3]
merge [783.1] [783.2]
merge [784] [785]
cut [786] [280,160]
color [786.2] [202,72,41,255]
merge [786.0] [786.3]
merge [786.1] [786.2]
merge [787] [788]
cut [789] [280,180]
color [789.2] [207,76,44,255]
merge [789.0] [789.3]
merge [789.1] [789.2]
merge [790] [791]
cut [792] [200,200]
color [792.2] [211,82,57,255]
merge [792.0] [792.1]
merge [792.2] [792.3]
merge [793] [794]
cut [795] [200,220]
color [795.2] [213,81,56,255]
merge [795.0] [795.1]
merge [795.2] [795.3]
merge [796] [797]
cut [798] [200,240]
color [798.2] [213,80,55,255]
merge [798.0] [798.1]
merge [798.2] [798.3]
merge [799] [800]
cut [801] [200,260]
color [801.2] [247,242,229,255]
merge [801.0] [801.1]
merge [801.2] [801.3]
merge [802] [803]
cut [804] [200,280]
color [804.2] [250,245,232,255]
merge [804.0] [804.1]
merge [804.2] [804.3]
merge [805] [806]
cut [807] [220,200]
color [807.2] [209,83,59,255]
merge [807.0] [807.1]
merge [807.2] [807.3]
merge [808] [809]
cut [810] [220,220]
color [810.2] [212,83,57,255]
merge [810.0] [810.1]
merge [810.2] [810.3]
merge [811] [812]
cut [813] [220,240]
color [813.2] [211,82,56,255]
merge [813.0] [813.1]
merge [813.2] [813.3]
merge [814] [815]
cut [816] [220,260]
color [816.2] [247,242,230,255]
merge [816.0] [816.1]
merge [816.2] [816.3]
merge [817] [818]
cut [819] [220,280]
color [819.2] [244,238,228,255]
merge [819.0] [819.1]
merge [819.2] [819.3]
merge [820] [821]
cut [822] [240,200]
color [822.2] [209,81,55,255]
merge [822.0] [822.1]
merge [822.2] [822.3]
merge [823] [824]
cut [825] [240,220]
color [825.2] [210,83,58,255]
merge [825.0] [825.1]
merge [825.2] [825.3]
merge [826] [827]
cut [828] [240,240]
color [828.2] [205,80,54,255]
merge [828.0] [828.1]
merge [828.2] [828.3]
merge [829] [830]
cut [831] [240,260]
color [831.2] [243,236,224,255]
merge [831.0] [831.1]
merge [831.2] [831.3]
merge [832] [833]
cut [834] [240,280]
color [834.2] [236,233,221,255]
merge [834.0] [834.1]
merge [834.2] [834.3]
merge [835] [836]
cut [837] [260,200]
color [837.2] [209,83,55,255]
merge [837.0] [837.1]
merge [837.2] [837.3]
merge [838] [839]
cut [840] [260,220]
color [840.2] [211,84,57,255]
merge [840.0] [840.1]
merge [840.2] [840.3]
merge [841] [842]
cut [843] [260,240]
color [843.2] [204,81,53,255]
merge [843.0] [843.1]
merge [843.2] [843.3]
merge [844] [845]
cut [846] [260,260]
color [846.2] [238,231,219,255]
merge [846.0] [846.1]
merge [846.2] [846.3]
merge [847] [848]
cut [849] [260,280]
color [849.2] [237,232,221,255]
merge [849.0] [849.1]
merge [849.2] [849.3]
merge [850] [851]
cut [852] [280,200]
color [852.2] [210,85,56,255]
merge [852.0] [852.1]
merge [852.2] [852.3]
merge [853] [854]
cut [855] [280,220]
color [855.2] [212,87,59,255]
merge [855.0] [855.1]
merge [855.2] [855.3]
merge [856] [857]
cut [858] [280,240]
color [858.2] [206,83,55,255]
merge [858.0] [858.1]
merge [858.2] [858.3]
merge [859] [860]
cut [861] [280,260]
color [861.2] [243,239,225,255]
merge [861.0] [861.1]
merge [861.2] [861.3]
merge [862] [863]
cut [864] [280,280]
color [864.2] [242,236,223,255]
merge [864.0] [864.1]
merge [864.2] [864.3]
merge [865] [866]
cut [867] [200,200]
cut [867.1] [300,100]
cut [867.2] [300,300]
swap [867.2.0] [867.1.2]
merge [867.0] [867.3]
merge [867.1.0] [867.1.1]
merge [867.1.2] [867.1.3]
merge [867.2.3] [870]
merge [867.2.0] [867.2.1]
merge [867.2.2] [872]
merge [871] [873]
merge [869] [874]
merge [868] [875]
cut [876] [200,200]
color [876.2] [237,233,219,255]
merge [876.0] [876.1]
merge [876.2] [876.3]
merge [877] [878]
cut [879] [200,220]
color [879.2] [237,233,218,255]
merge [879.0] [879.1]
merge [879.2] [879.3]
merge [880] [881]
cut [882] [200,240]
color [882.2] [85,72,52,255]
merge [882.0] [882.1]
merge [882.2] [882.3]
merge [883] [884]
cut [885] [200,260]
color [885.2] [238,210,129,255]
merge [885.0] [885.1]
merge [885.2] [885.3]
merge [886] [887]
cut [888] [200,280]
color [888.2] [239,213,132,255]
merge [888.0] [888.1]
merge [888.2] [888.3]
merge [889] [890]
cut [891] [220,200]
color [891.2] [243,239,227,255]
merge [891.0] [891.1]
merge [891.2] [891.3]
merge [892] [893]
cut [894] [220,220]
color [894.2] [249,243,228,255]
merge [894.0] [894.1]
merge [894.2] [894.3]
merge [895] [896]
cut [897] [220,240]
color [897.2] [241,216,136,255]
merge [897.0] [897.1]
merge [897.2] [897.3]
merge [898] [899]
cut [900] [220,260]
color [900.2] [245,216,133,255]
merge [900.0] [900.1]
merge [900.2] [900.3]
merge [901] [902]
cut [903] [220,280]
color [903.2] [245,217,135,255]
merge [903.0] [903.1]
merge [903.2] [903.3]
merge [904] [905]
cut [906] [240,200]
color [906.2] [246,244,232,255]
merge [906.0] [906.1]
merge [906.2] [906.3]
merge [907] [908]
cut [909] [240,220]
color [909.2] [251,248,234,255]
merge [909.0] [909.1]
merge [909.2] [909.3]
merge [910] [911]
cut [912] [240,240]
color [912.2] [244,221,135,255]
merge [912.0] [912.1]
merge [912.2] [912.3]
merge [913] [914]
cut [915] [240,260]
color [915.2] [247,220,134,255]
merge [915.0] [915.1]
merge [915.2] [915.3]
merge [916] [917]
cut [918] [240,280]
color [918.2] [246,218,135,255]
merge [918.0] [918.1]
merge [918.2] [918.3]
merge [919] [920]
cut [921] [260,200]
color [921.2] [248,248,235,255]
merge [921.0] [921.1]
merge [921.2] [921.3]
merge [922] [923]
cut [924] [260,220]
color [924.2] [252,252,243,255]
merge [924.0] [924.1]
merge [924.2] [924.3]
merge [925] [926]
cut [927] [260,240]
color [927.2] [118,100,69,255]
merge [927.0] [927.1]
merge [927.2] [927.3]
merge [928] [929]
cut [930] [260,260]
color [930.2] [245,221,134,255]
merge [930.0] [930.1]
merge [930.2] [930.3]
merge [931] [932]
cut [933] [260,280]
color [933.2] [246,223,137,255]
merge [933.0] [933.1]
merge [933.2] [933.3]
merge [934] [935]
cut [936] [280,200]
color [936.2] [233,239,235,255]
merge [936.0] [936.1]
merge [936.2] [936.3]
merge [937] [938]
cut [939] [280,220]
color [939.2] [239,245,239,255]
merge [939.0] [939.1]
merge [939.2] [939.3]
merge [940] [941]
cut [942] [280,240]
color [942.2] [238,241,234,255]
merge [942.0] [942.1]
merge [942.2] [942.3]
merge [943] [944]
cut [945] [280,260]
color [945.2] [229,231,224,255]
merge [945.0] [945.1]
merge [945.2] [945.3]
merge [946] [947]
cut [948] [280,280]
color [948.2] [228,232,224,255]
merge [948.0] [948.1]
merge [948.2] [948.3]
merge [949] [950]
cut [951] [200,200]
cut [951.3] [100,300]
cut [951.2] [300,300]
swap [951.2.0] [951.3.2]
merge [951.0] [951.1]
merge [951.3.0] [951.3.1]
merge [951.3.2] [953]
merge [951.2.1] [954]
merge [952] [955]
merge [951.3.3] [951.2.0]
merge [951.2.3] [957]
merge [951.2.2] [958]
merge [956] [959]
cut [960] [200,200]
color [960.2] [208,84,57,255]
merge [960.0] [960.1]
merge [960.2] [960.3]
merge [961] [962]
cut [963] [200,220]
color [963.2] [209,85,60,255]
merge [963.0] [963.1]
merge [963.2] [963.3]
merge [964] [965]
cut [966] [200,240]
color [966.2] [202,78,52,255]
merge [966.0] [966.1]
merge [966.2] [966.3]
merge [967] [968]
cut [969] [200,260]
color [969.2] [242,239,225,255]
merge [969.0] [969.1]
merge [969.2] [969.3]
merge [970] [971]
cut [972] [200,280]
color [972.2] [244,238,226,255]
merge [972.0] [972.1]
merge [972.2] [972.3]
merge [973] [974]
cut [975] [220,200]
color [975.2] [207,86,61,255]
merge [975.0] [975.1]
merge [975.2] [975.3]
merge [976] [977]
cut [978] [220,220]
color [978.2] [206,83,60,255]
merge [978.0] [978.1]
merge [978.2] [978.3]
merge [979] [980]
cut [981] [220,240]
color [981.2] [197,77,54,255]
merge [981.0] [981.1]
merge [981.2] [981.3]
merge [982] [983]
cut [984] [220,260]
color [984.2] [236,235,224,255]
merge [984.0] [984.1]
merge [984.2] [984.3]
merge [985] [986]
cut [987] [220,280]
color [987.2] [244,237,225,255]
merge [987.0] [987.1]
merge [987.2] [987.3]
merge [988] [989]
cut [990] [240,200]
color [990.2] [203,85,58,255]
merge [990.0] [990.1]
merge [990.2] [990.3]
merge [991] [992]
cut [993] [240,220]
color [993.2] [199,82,58,255]
merge [993.0] [993.1]
merge [993.2] [993.3]
merge [994] [995]
cut [996] [240,240]
color [996.2] [49,23,16,255]
merge [996.0] [996.1]
merge [996.2] [996.3]
merge [997] [998]
cut [999] [240,260]
color [999.2] [219,199,125,255]
merge [999.0] [999.1]
merge [999.2] [999.3]
merge [1000] [1001]
cut [1002] [240,280]
color [1002.2] [226,202,128,255]
merge [1002.0] [1002.1]
merge [1002.2] [1002.3]
merge [1003] [1004]
cut [1005] [260,200]
color [1005.2] [238,214,134,255]
merge [1005.0] [1005.1]
merge [1005.2] [1005.3]
merge [1006] [1007]
cut [1008] [260,220]
color [1008.2] [236,211,135,255]
merge [1008.0] [1008.1]
merge [1008.2] [1008.3]
merge [1009] [1010]
cut [1011] [260,240]
color [1011.2] [227,204,127,255]
merge [1011.0] [1011.1]
merge [1011.2] [1011.3]
merge [1012] [1013]
cut [1014] [260,260]
color [1014.2] [235,207,129,255]
merge [1014.0] [1014.1]
merge [1014.2] [1014.3]
merge [1015] [1016]
cut [1017] [260,280]
color [1017.2] [240,211,131,255]
merge [1017.0] [1017.1]
merge [1017.2] [1017.3]
merge [1018] [1019]
cut [1020] [280,200]
color [1020.2] [243,219,137,255]
merge [1020.0] [1020.1]
merge [1020.2] [1020.3]
merge [1021] [1022]
cut [1023] [280,220]
color [1023.2] [240,216,135,255]
merge [1023.0] [1023.1]
merge [1023.2] [1023.3]
merge [1024] [1025]
cut [1026] [280,240]
color [1026.2] [234,211,131,255]
merge [1026.0] [1026.1]
merge [1026.2] [1026.3]
merge [1027] [1028]
cut [1029] [280,260]
color [1029.2] [240,213,131,255]
merge [1029.0] [1029.1]
merge [1029.2] [1029.3]
merge [1030] [1031]
cut [1032] [280,280]
color [1032.2] [243,215,133,255]
merge [1032.0] [1032.1]
merge [1032.2] [1032.3]
merge [1033] [1034]
cut [1035] [200,200]
cut [1035.0] [100,100]
cut [1035.3] [100,300]
cut [1035.1] [300,100]
cut [1035.2] [300,300]
swap [1035.0.0] [1035.0.1]
swap [1035.3.0] [1035.1.1]
swap [1035.0.2] [1035.1.3]
swap [1035.3.2] [1035.1.2]
swap [1035.1.0] [1035.0.2]
swap [1035.1.0] [1035.3.0]
swap [1035.2.3] [1035.2.0]
swap [1035.1.0] [1035.3.1]
swap [1035.3.2] [1035.1.0]
swap [1035.2.1] [1035.3.2]
color [1035.2.1] [210,81,52,255]
color [1035.2.3] [212,85,58,255]
color [1035.2.2] [242,219,137,255]