color [93] [123, 102, 48, 255]
color [92] [108, 89, 42, 255]
color [91] [102, 83, 38, 255]
color [89] [73, 66, 37, 255]
color [88] [104, 87, 47, 255]
color [83] [114, 96, 45, 255]
color [82] [107, 91, 44, 255]
color [78] [96, 82, 44, 255]
color [77] [119, 97, 48, 255]
color [75] [161, 126, 52, 255]
color [73] [226, 186, 53, 255]
color [72] [183, 164, 75, 255]
color [71] [149, 135, 53, 255]
color [68] [150, 131, 84, 255]
color [70] [118, 120, 53, 255]
color [66] [244, 202, 61, 255]
color [64] [246, 210, 59, 255]
color [63] [241, 196, 56, 255]
color [60] [123, 126, 68, 255]
color [25] [170, 140, 70, 255]
color [2] [113, 115, 71, 255]
color [24] [152, 129, 67, 255]
color [23] [140, 120, 64, 255]
color [26] [154, 128, 64, 255]
color [34] [244, 213, 70, 255]
color [15] [141, 126, 72, 255]
color [65] [246, 211, 61, 255]
color [32] [209, 174, 57, 255]
color [84] [122, 102, 49, 255]
color [30] [114, 117, 90, 255]
color [4] [141, 129, 79, 255]
color [81] [99, 85, 39, 255]
color [19] [107, 95, 56, 255]
color [28] [149, 123, 62, 255]
color [17] [148, 126, 69, 255]
color [0] [105, 128, 81, 255]
color [35] [244, 208, 68, 255]
color [85] [131, 109, 52, 255]
color [22] [125, 126, 71, 255]
color [76] [146, 116, 50, 255]
color [36] [244, 207, 62, 255]
color [9] [125, 107, 64, 255]
color [18] [137, 116, 64, 255]
color [90] [72, 62, 33, 255]
color [11] [84, 132, 78, 255]
color [39] [223, 175, 59, 255]
color [12] [111, 112, 66, 255]
color [44] [243, 207, 65, 255]
color [99] [80, 70, 38, 255]
color [29] [122, 105, 56, 255]
color [79] [81, 71, 39, 255]
color [56] [204, 160, 101, 255]
color [57] [221, 175, 77, 255]
color [62] [225, 183, 65, 255]
color [3] [124, 114, 72, 255]
color [55] [207, 167, 66, 255]
color [6] [147, 130, 75, 255]
color [33] [239, 201, 60, 255]
color [61] [149, 135, 68, 255]
color [53] [226, 191, 74, 255]
color [42] [233, 193, 59, 255]
color [96] [118, 100, 50, 255]
color [47] [234, 195, 68, 255]
color [43] [237, 200, 61, 255]
color [37] [236, 200, 62, 255]
color [46] [244, 213, 72, 255]
color [48] [223, 179, 71, 255]
color [67] [221, 178, 68, 255]
color [59] [10, 15, 18, 255]
color [50] [129, 129, 68, 255]
color [51] [173, 147, 61, 255]
color [54] [223, 180, 67, 255]
